15885109452
18339622831
18988195068
15134901416
13546292532
15730187551
15136634473
15004227950
18725266842
15822918692
15832237890
15906968140
13665721296
15249069001
18870231688
15061771349
15070428966
15041044825
15237110475
18083707358
15232890920
15934380432
018738086095
018239073905
015805062038
18794525403
13877622050
18771382226
15125770073
13592449262
18761000855
13854072851
13625617455
18258200877
15968978731
13785966861
15947630810
13857565059
13732227827
15263333052
15701522454
18919208387
18889813532
15290490505
18729801635
18300042190
013593338565
13630062367
13665907629
13642442684